0 0.11
1 0.35814187
2 0.37994868
3 0.34806436
4 0.3391264
5 0.348157
6 0.34370625
7 0.34092298
8 0.33963487
9 0.3411573
10 0.3361421
10 0.0925
11 0.34021142
12 0.33752167
13 0.3374706
14 0.33290327
15 0.34058094
16 0.33846503
17 0.34121746
18 0.3339761
19 0.3319997
20 0.3326529
20 0.0975
21 0.33601397
22 0.33074147
23 0.33206344
24 0.33307362
25 0.33609718
26 0.33454412
27 0.33397576
28 0.33189684
29 0.33353132
30 0.33275852
30 0.0825
31 0.32953748
32 0.32882228
33 0.33092952
34 0.3340102
35 0.33026427
36 0.3296747
37 0.33120203
38 0.32835105
39 0.33128753
40 0.3292543
40 0.11
41 0.33220538
42 0.33095765
43 0.32760033
44 0.32974017
45 0.32959723
46 0.32860643
47 0.3302576
48 0.3317455
49 0.32990253
50 0.3278469
50 0.0775
51 0.32856414
52 0.33008075
53 0.3286458
54 0.33012292
55 0.33188775
56 0.3289505
57 0.3295608
58 0.32955047
59 0.32907033
60 0.32772166
60 0.085
61 0.32964972
62 0.32775897
63 0.3321402
64 0.32899183
65 0.3281257
66 0.3275784
67 0.33024248
68 0.33181748
69 0.32844946
70 0.32920662
70 0.0775
71 0.32933673
72 0.32854396
73 0.3301438
74 0.33039063
75 0.32901886
76 0.32833606
77 0.3303027
78 0.3292504
79 0.32950604
80 0.32991788
80 0.09
81 0.32920256
82 0.32884115
83 0.33044776
84 0.3283158
85 0.32829303
86 0.33083627
87 0.32746053
88 0.32782018
89 0.3288639
90 0.32913068
90 0.0925
91 0.32769018
92 0.32774988
93 0.32792193
94 0.33003822
95 0.32800975
96 0.32710633
97 0.32934663
98 0.32841992
99 0.32778305
100 0.3279962
100 0.07
101 0.32725695
102 0.32803553
103 0.33019885
104 0.32775238
105 0.32728282
106 0.33155102
107 0.328302
108 0.3273435
109 0.3279104
110 0.32764637
110 0.145
111 0.3272576
112 0.32772815
113 0.32717827
114 0.327
115 0.32889605
116 0.32821456
117 0.3293031
118 0.327416
119 0.32861957
120 0.3288003
120 0.1075
121 0.32462195
122 0.32698655
123 0.326185
124 0.32661977
125 0.32697073
126 0.32803747
127 0.32825324
128 0.32809785
129 0.3286369
130 0.32694855
130 0.0975
131 0.32721886
132 0.32883638
133 0.3281199
134 0.32725024
135 0.32837838
136 0.3293611
137 0.32973316
138 0.3298521
139 0.32705954
140 0.32742658
140 0.0825
141 0.326193
142 0.32868752
143 0.32783863
144 0.32967886
145 0.32851776
146 0.32634112
147 0.32662374
148 0.32884118
149 0.32869878
150 0.32842264
150 0.1075
151 0.32742468
152 0.32893988
153 0.3294112
154 0.3267987
155 0.3277112
156 0.32945606
157 0.3276764
158 0.32827583
159 0.32841364
160 0.3276783
160 0.1075
161 0.3268107
162 0.32913384
163 0.3274054
164 0.32731897
165 0.32703277
166 0.33051404
167 0.32623774
168 0.3269106
169 0.32924828
170 0.3275517
170 0.105
171 0.32818207
172 0.3284036
173 0.32850653
174 0.32748926
175 0.3278897
176 0.32493305
177 0.327686
178 0.32850248
179 0.32900113
180 0.3274187
180 0.08
181 0.32896423
182 0.32689056
183 0.32870138
184 0.32742548
185 0.3278106
186 0.32790926
187 0.32905725
188 0.32842976
189 0.32711986
190 0.3281578
190 0.105
191 0.32803655
192 0.3276892
193 0.32832295
194 0.3288252
195 0.3267411
196 0.32578155
197 0.32825616
198 0.3267277
199 0.32546693
200 0.32655084
200 0.11
201 0.32931122
202 0.32768124
203 0.3288488
204 0.3267273
205 0.32677752
206 0.32860717
207 0.3279767
208 0.32667926
209 0.32785982
210 0.3272764
210 0.1025
211 0.3268523
212 0.32650042
213 0.32887062
214 0.32727197
215 0.32907856
216 0.3271793
217 0.32790092
218 0.32686603
219 0.32837856
220 0.32792786
220 0.08
221 0.32679376
222 0.3275083
223 0.32742676
224 0.32710108
225 0.3272887
226 0.32721552
227 0.32791418
228 0.32686305
229 0.32748505
230 0.32667682
230 0.1125
231 0.32825375
232 0.32831755
233 0.32702348
234 0.32654366
235 0.32751814
236 0.32828784
237 0.3277144
238 0.3268413
239 0.32828492
240 0.32753697
240 0.1
241 0.32600588
242 0.3276685
243 0.32795814
244 0.32549226
245 0.3280766
246 0.32761282
247 0.329048
248 0.3274513
249 0.32747847
250 0.32828698
250 0.085
251 0.32749057
252 0.3266746
253 0.32618338
254 0.3272308
255 0.32799256
256 0.3260358
257 0.32698992
258 0.32596508
259 0.32744908
260 0.32548237
260 0.12
261 0.3283494
262 0.3276051
263 0.3291939
264 0.32811898
265 0.3288651
266 0.32676724
267 0.32717976
268 0.3268091
269 0.32666242
270 0.32802278
270 0.1225
271 0.32652283
272 0.32625774
273 0.3276565
274 0.32709667
275 0.3262085
276 0.327492
277 0.32651585
278 0.32829058
279 0.32777834
280 0.32524556
280 0.1475
281 0.3258204
282 0.32836738
283 0.32715613
284 0.32682958
285 0.32714948
286 0.32826456
287 0.3272443
288 0.32695055
289 0.32740787
290 0.32571784
290 0.1075
291 0.3278717
292 0.32596502
293 0.32676074
294 0.32781982
295 0.32636628
296 0.32733592
297 0.32607475
298 0.3266607
299 0.32585743
300 0.32652184
300 0.11
301 0.32632965
302 0.32755244
303 0.32561734
304 0.3260605
305 0.3265235
306 0.32619214
307 0.3274494
308 0.32573017
309 0.32696003
310 0.3256173
310 0.11
311 0.32789263
312 0.32617554
313 0.32569212
314 0.32644695
315 0.3268931
316 0.32589954
317 0.3257316
318 0.3260051
319 0.32553956
320 0.32611358
320 0.1075
321 0.32560855
322 0.3280909
323 0.32495654
324 0.32446942
325 0.32440814
326 0.3252765
327 0.32565072
328 0.3239131
329 0.3240473
330 0.3229177
330 0.1475
331 0.32550183
332 0.32581785
333 0.32412976
334 0.3230519
335 0.3246521
336 0.32423675
337 0.3221753
338 0.32507604
339 0.32315874
340 0.32204813
340 0.165
341 0.3212636
342 0.32215247
343 0.3212455
344 0.32137993
345 0.3210538
346 0.3203797
347 0.32065108
348 0.31865975
349 0.32055014
350 0.31784925
350 0.1625
351 0.31767675
352 0.31753427
353 0.31493914
354 0.31441304
355 0.31475848
356 0.31599337
357 0.31469077
358 0.31224772
359 0.3118453
360 0.3126146
360 0.2875
361 0.31158876
362 0.30920807
363 0.30952784
364 0.3082024
365 0.3058968
366 0.3029771
367 0.2958593
368 0.29657564
369 0.30144927
370 0.30084383
370 0.355
371 0.2976006
372 0.29675135
373 0.2863064
374 0.29228908
375 0.29371396
376 0.2860478
377 0.2842752
378 0.29383585
379 0.284173
380 0.2801686
380 0.335
381 0.28263634
382 0.27725518
383 0.28015834
384 0.27514708
385 0.27030507
386 0.2795296
387 0.26995263
388 0.27931684
389 0.2717428
390 0.271604
390 0.4125
391 0.28065008
392 0.27300677
393 0.2722058
394 0.26153424
395 0.27295753
396 0.2668803
397 0.26539892
398 0.25688988
399 0.26201853
400 0.27327228
400 0.4275
401 0.26733735
402 0.26055932
403 0.2636042
404 0.2514845
405 0.2606551
406 0.25143582
407 0.2549797
408 0.25516644
409 0.2585112
410 0.25454828
410 0.48
411 0.25158015
412 0.24461237
413 0.25134045
414 0.24992979
415 0.24927707
416 0.25097755
417 0.24488966
418 0.24563718
419 0.2489723
420 0.24391858
420 0.495
421 0.24042314
422 0.24122353
423 0.24841183
424 0.24154212
425 0.24318905
426 0.2445152
427 0.24910139
428 0.24706519
429 0.24502715
430 0.24677327
430 0.575
431 0.24478397
432 0.22715
433 0.24576785
434 0.23376648
435 0.23381793
436 0.24471116
437 0.23545758
438 0.24290006
439 0.2326914
440 0.23366235
440 0.57
441 0.22518776
442 0.23174612
443 0.23087588
444 0.22754972
445 0.23259264
446 0.2374657
447 0.22644879
448 0.22626884
449 0.23187722
450 0.22653721
450 0.6025
451 0.2294682
452 0.22348428
453 0.22109899
454 0.2303546
455 0.22025046
456 0.22971103
457 0.2196499
458 0.22099479
459 0.22818749
460 0.21983314
460 0.6125
461 0.21894577
462 0.22383823
463 0.22822739
464 0.22445644
465 0.21637213
466 0.22137421
467 0.21363384
468 0.2278855
469 0.1995203
470 0.22415496
470 0.63
471 0.22118975
472 0.21448424
473 0.21835428
474 0.21491009
475 0.21183103
476 0.22479157
477 0.21634963
478 0.21677615
479 0.22150888
480 0.20835102
480 0.635
481 0.2075932
482 0.21071146
483 0.21363373
484 0.20932585
485 0.20297268
486 0.2061513
487 0.20417194
488 0.21496215
489 0.21052828
490 0.20122413
490 0.7
491 0.20788859
492 0.20327334
493 0.20238715
494 0.1978753
495 0.19330473
496 0.21331804
497 0.20706162
498 0.20158063
499 0.20983158
500 0.20353656
500 0.68
501 0.20547877
502 0.21179831
503 0.19843274
504 0.20317854
505 0.19879037
506 0.1998141
507 0.20244555
508 0.20389935
509 0.20167877
510 0.19708535
510 0.625
511 0.20569824
512 0.19127277
513 0.19934586
514 0.20825353
515 0.19733039
516 0.18345071
517 0.19114289
518 0.19484694
519 0.20493267
520 0.19614801
520 0.74
521 0.21130873
522 0.20135413
523 0.19831228
524 0.1918378
525 0.19325991
526 0.19146545
527 0.18944253
528 0.19857256
529 0.1934144
530 0.18898663
530 0.66
531 0.18829392
532 0.21238708
533 0.19143389
534 0.19173853
535 0.19366668
536 0.18938604
537 0.18791012
538 0.1932161
539 0.19544333
540 0.1932748
540 0.6725
541 0.19534436
542 0.19579922
543 0.18928961
544 0.19996019
545 0.19646534
546 0.17513648
547 0.1895626
548 0.18901418
549 0.19462901
550 0.19829898
550 0.7125
551 0.19983645
552 0.18167463
553 0.1964305
554 0.18228677
555 0.17878251
556 0.18917063
557 0.17957981
558 0.18884322
559 0.18721926
560 0.18353741
560 0.72
561 0.19529523
562 0.1829343
563 0.18105826
564 0.17945406
565 0.17971455
566 0.1804543
567 0.18901879
568 0.18522857
569 0.18208386
570 0.18521768
570 0.715
571 0.1743891
572 0.16734397
573 0.18563238
574 0.17723554
575 0.17299014
576 0.19558257
577 0.17602094
578 0.1698851
579 0.17491406
580 0.18599546
580 0.7275
581 0.17020816
582 0.1907105
583 0.1823227
584 0.17437494
585 0.18183845
586 0.17730016
587 0.16483597
588 0.16699862
589 0.17245509
590 0.17560281
590 0.705
591 0.17509766
592 0.17035247
593 0.16839868
594 0.18442169
595 0.1871565
596 0.16850123
597 0.16445462
598 0.17812659
599 0.1737667
600 0.18495877
600 0.7375
601 0.17449221
602 0.16529268
603 0.16427341
604 0.18522859
605 0.16816007
606 0.16072823
607 0.1618762
608 0.18001732
609 0.18240298
610 0.17189227
610 0.76
611 0.16795969
612 0.16794185
613 0.16725345
614 0.17481424
615 0.15404746
616 0.15247433
617 0.15166144
618 0.17698462
619 0.16361943
620 0.16351068
620 0.755
621 0.16348003
622 0.17185761
623 0.16961424
624 0.16477072
625 0.16728102
626 0.16982855
627 0.17691442
628 0.16189846
629 0.16459948
630 0.15483987
630 0.7525
631 0.15925421
632 0.16028757
633 0.16690867
634 0.16774319
635 0.17187777
636 0.16175577
637 0.16471751
638 0.17646435
639 0.16532214
640 0.1624559
640 0.7925
641 0.16150936
642 0.15399525
643 0.16037631
644 0.15726194
645 0.15923089
646 0.1603697
647 0.15264735
648 0.16170923
649 0.1722429
650 0.15322217
650 0.7975
651 0.15943426
652 0.1660651
653 0.16904064
654 0.15292193
655 0.1696427
656 0.15399702
657 0.17045459
658 0.1617744
659 0.16083442
660 0.16370034
660 0.7825
661 0.15413898
662 0.17631155
663 0.15940472
664 0.15500365
665 0.15802401
666 0.15923254
667 0.15724774
668 0.15307917
669 0.16013788
670 0.16379835
670 0.795
671 0.1553537
672 0.16180602
673 0.16211875
674 0.15873097
675 0.15097757
676 0.16298355
677 0.15156619
678 0.15100046
679 0.15321426
680 0.16511877
680 0.7475
681 0.16814205
682 0.15163824
683 0.14275628
684 0.1566404
685 0.16187546
686 0.15153971
687 0.16406958
688 0.16580045
689 0.15763791
690 0.1565843
690 0.76
691 0.1524538
692 0.15203118
693 0.15313123
694 0.15079224
695 0.15304789
696 0.15353787
697 0.15026358
698 0.1549291
699 0.156717
700 0.15968423
700 0.795
701 0.1402626
702 0.15316366
703 0.14143392
704 0.16287674
705 0.14399111
706 0.15271115
707 0.154699
708 0.13866043
709 0.14760852
710 0.15117916
710 0.81
711 0.15081127
712 0.14475568
713 0.15779199
714 0.142054
715 0.14587763
716 0.15362653
717 0.14319754
718 0.15642719
719 0.15425566
720 0.14519891
720 0.8475
721 0.14087003
722 0.14484335
723 0.14886858
724 0.15625961
725 0.14191894
726 0.16263498
727 0.1418177
728 0.140392
729 0.14570728
730 0.1588026
730 0.84
731 0.15539975
732 0.13761866
733 0.16040115
734 0.15424556
735 0.14503925
736 0.15056598
737 0.13759536
738 0.14903264
739 0.15940368
740 0.14976071
740 0.785
741 0.15094253
742 0.16125247
743 0.13881955
744 0.1533961
745 0.15139851
746 0.14207844
747 0.14883713
748 0.16440536
749 0.14463498
750 0.14107026
750 0.7825
751 0.14160202
752 0.14193192
753 0.14972207
754 0.14636154
755 0.1388128
756 0.14813064
757 0.1364726
758 0.14058095
759 0.12991953
760 0.14197133
760 0.8325
761 0.13888822
762 0.14158039
763 0.15041989
764 0.13157798
765 0.13438718
766 0.14681557
767 0.13725077
768 0.15598382
769 0.1381429
770 0.14478672
770 0.8175
771 0.14569156
772 0.13000989
773 0.13822818
774 0.14345783
775 0.122344226
776 0.14100857
777 0.13311529
778 0.12684575
779 0.14682935
780 0.14452389
780 0.855
781 0.13456337
782 0.14344124
783 0.1482073
784 0.14775567
785 0.14419594
786 0.1359365
787 0.15887536
788 0.14208773
789 0.13953295
790 0.14432617
790 0.845
791 0.1294619
792 0.13446905
793 0.12936495
794 0.13960607
795 0.13663352
796 0.14276755
797 0.139866
798 0.13783345
799 0.1464509
800 0.13426907
800 0.8375
801 0.13178141
802 0.13835849
803 0.14609388
804 0.13272834
805 0.14029752
806 0.12477385
807 0.13343462
808 0.13534752
809 0.13888635
810 0.13082346
810 0.785
811 0.14661236
812 0.13945371
813 0.14007959
814 0.13892362
815 0.1372048
816 0.14125049
817 0.13154058
818 0.13595206
819 0.15000746
820 0.14342074
820 0.85
821 0.14802799
822 0.14809468
823 0.13248798
824 0.12966193
825 0.13624911
826 0.12693703
827 0.14215243
828 0.12426232
829 0.12999308
830 0.12638906
830 0.8525
831 0.13966955
832 0.14385378
833 0.1387634
834 0.14020483
835 0.14180182
836 0.13540193
837 0.12831919
838 0.14387134
839 0.13683765
840 0.12982376
840 0.845
841 0.14273264
842 0.12435278
843 0.12953694
844 0.11699387
845 0.1383531
846 0.13294505
847 0.15007415
848 0.13229987
849 0.118124835
850 0.12921527
850 0.8425
851 0.13667387
852 0.13920288
853 0.12708417
854 0.12905018
855 0.1245113
856 0.12162592
857 0.13153382
858 0.13939229
859 0.13491698
860 0.12914547
860 0.845
861 0.123030834
862 0.12975067
863 0.13029924
864 0.13774551
865 0.13275713
866 0.120406725
867 0.12768738
868 0.13246939
869 0.13788852
870 0.12924878
870 0.8475
871 0.1252272
872 0.1316104
873 0.13701819
874 0.13109231
875 0.12090805
876 0.13634829
877 0.13550207
878 0.12964612
879 0.1383888
880 0.14265254
880 0.89
881 0.12820996
882 0.13212362
883 0.121292986
884 0.13004276
885 0.11907506
886 0.12314041
887 0.13608351
888 0.121300034
889 0.121898144
890 0.12575452
890 0.865
891 0.120839454
892 0.15222694
893 0.13215244
894 0.12678006
895 0.13179354
896 0.13049848
897 0.12539822
898 0.1170061
899 0.12362956
900 0.13132094
900 0.83
901 0.12944849
902 0.12551929
903 0.13171268
904 0.13801785
905 0.13268125
906 0.12494332
907 0.1495256
908 0.11249008
909 0.15255533
910 0.10643858
910 0.8825
911 0.13033378
912 0.13124979
913 0.12634932
914 0.13155435
915 0.11876532
916 0.12523046
917 0.112035826
918 0.11939804
919 0.1187375
920 0.12720077
920 0.89
921 0.12782815
922 0.12133647
923 0.121019416
924 0.12722702
925 0.123242885
926 0.12660035
927 0.12770668
928 0.12779003
929 0.12346741
930 0.13603388
930 0.845
931 0.11391176
932 0.13221417
933 0.11717485
934 0.11838351
935 0.123927616
936 0.13233642
937 0.11301628
938 0.13064523
939 0.124612674
940 0.11230687
940 0.8625
941 0.12599115
942 0.123547725
943 0.1270456
944 0.12321263
945 0.11644991
946 0.12457446
947 0.118784666
948 0.121139765
949 0.11797758
950 0.12997274
950 0.8725
951 0.12385673
952 0.11284058
953 0.122567944
954 0.12702855
955 0.115404546
956 0.11031976
957 0.121420264
958 0.11307051
959 0.1208179
960 0.10646729
960 0.8875
961 0.12316153
962 0.12476021
963 0.11738831
964 0.12482311
965 0.11597102
966 0.11673116
967 0.12401954
968 0.11517696
969 0.12667364
970 0.1076014
970 0.8725
971 0.12416074
972 0.1229563
973 0.1162966
974 0.102558225
975 0.10229631
976 0.11420978
977 0.11599681
978 0.12566781
979 0.116524756
980 0.110832684
980 0.9
981 0.11734395
982 0.13249686
983 0.10815715
984 0.12152289
985 0.11234846
986 0.11471555
987 0.123189926
988 0.12863025
989 0.11845344
990 0.11129746
990 0.8525
991 0.118828796
992 0.11911132
993 0.1067504
994 0.09896677
995 0.13122787
996 0.102013335
997 0.11259606
998 0.11886011
999 0.11068401
1000 0.12049686
1000 0.89
1001 0.1279108
1002 0.11453334
1003 0.10749432
1004 0.11577385
1005 0.11544198
1006 0.1203044
1007 0.12608342
1008 0.11281584
1009 0.12263964
1010 0.11478219
1010 0.885
1011 0.11055893
1012 0.10699629
1013 0.10876021
1014 0.11733701
1015 0.11751501
1016 0.1059036
1017 0.111552045
1018 0.12045203
1019 0.108684
1020 0.11623425
1020 0.8825
1021 0.10857688
1022 0.11206539
1023 0.12327594
1024 0.11666039
1025 0.114818186
1026 0.10726093
1027 0.11048448
1028 0.114214264
1029 0.108774506
1030 0.1132056
1030 0.9075
1031 0.1101365
1032 0.114119634
1033 0.11762566
1034 0.108118124
1035 0.123044774
1036 0.111653164
1037 0.10950984
1038 0.11334731
1039 0.118393816
1040 0.11993141
1040 0.88
1041 0.10290395
1042 0.10215257
1043 0.1229467
1044 0.109434314
1045 0.11753398
1046 0.10340529
1047 0.12800963
1048 0.09730743
1049 0.101351105
1050 0.11069972
1050 0.8925
1051 0.11910325
1052 0.10364743
1053 0.10626614
1054 0.114484936
1055 0.11600951
1056 0.1180272
1057 0.12862842
1058 0.11434949
1059 0.116399825
1060 0.10638722
1060 0.9
1061 0.11051805
1062 0.099113956
1063 0.11619327
1064 0.111014545
1065 0.114978485
1066 0.10622155
1067 0.11572321
1068 0.120082475
1069 0.11198987
1070 0.10018074
1070 0.875
1071 0.10280216
1072 0.110240825
1073 0.110490225
1074 0.113017984
1075 0.10273437
1076 0.120546654
1077 0.101042055
1078 0.09423174
1079 0.091959506
1080 0.10842445
1080 0.8825
1081 0.11092947
1082 0.12086885
1083 0.11393306
1084 0.10280884
1085 0.10812247
1086 0.11970193
1087 0.12560062
1088 0.108293764
1089 0.095780574
1090 0.10907445
1090 0.89
1091 0.11458932
1092 0.10282081
1093 0.10310972
1094 0.11084949
1095 0.100417785
1096 0.10468027
1097 0.10690315
1098 0.12061027
1099 0.087082915
1100 0.1042252
1100 0.9025
1101 0.122297004
1102 0.11842714
1103 0.10872636
1104 0.10998394
1105 0.113739885
1106 0.10316817
1107 0.104051486
1108 0.10855716
1109 0.10447923
1110 0.11162327
1110 0.915
1111 0.10027702
1112 0.0991407
1113 0.099995606
1114 0.1172694
1115 0.09715663
1116 0.09685732
1117 0.10490074
1118 0.09205826
1119 0.09965367
1120 0.10228485
1120 0.89
1121 0.11704474
1122 0.107507244
1123 0.10580641
1124 0.10369989
1125 0.1192764
1126 0.096331514
1127 0.11022351
1128 0.11335651
1129 0.10848711
1130 0.104994506
1130 0.9025
1131 0.09290882
1132 0.12389514
1133 0.09844401
1134 0.10529503
1135 0.08222944
1136 0.11307188
1137 0.098360516
1138 0.097635165
1139 0.10541249
1140 0.107013725
1140 0.8975
1141 0.10672684
1142 0.12127487
1143 0.10490487
1144 0.10288231
1145 0.10300121
1146 0.0951449
1147 0.09780778
1148 0.09684129
1149 0.09678981
1150 0.0916319
1150 0.8775
1151 0.107376024
1152 0.10579405
1153 0.10436093
1154 0.109010115
1155 0.11420491
1156 0.09350116
1157 0.10866661
1158 0.092900224
1159 0.109741345
1160 0.10001273
1160 0.925
1161 0.10372357
1162 0.10539126
1163 0.110963255
1164 0.10052707
1165 0.107307345
1166 0.10370767
1167 0.105759196
1168 0.1036797
1169 0.09014153
1170 0.10721573
1170 0.9
1171 0.09422234
1172 0.10402106
1173 0.11353886
1174 0.102497466
1175 0.11145738
1176 0.09174396
1177 0.09819684
1178 0.10033798
1179 0.100105435
1180 0.09552568
1180 0.88
1181 0.107583076
1182 0.11508255
1183 0.101297915
1184 0.09813255
1185 0.109188356
1186 0.11342085
1187 0.10551757
1188 0.100316234
1189 0.113189496
1190 0.09640732
1190 0.91
1191 0.105274856
1192 0.11392797
1193 0.08691277
1194 0.10796864
1195 0.1005294
1196 0.08667301
1197 0.095103756
1198 0.102538064
1199 0.09688361
1200 0.09055983
1200 0.91
1201 0.10714742
1202 0.10656303
1203 0.107072584
1204 0.09677173
1205 0.10605106
1206 0.09931781
1207 0.09195616
1208 0.10554097
1209 0.09674005
1210 0.10869571
1210 0.91
1211 0.09437602
1212 0.10841452
1213 0.101151004
1214 0.087288715
1215 0.098825
1216 0.09212059
1217 0.11413255
1218 0.09946522
1219 0.09453238
1220 0.10555722
1220 0.92
1221 0.10229216
1222 0.094562575
1223 0.10735682
1224 0.09661259
1225 0.08319259
1226 0.09828243
1227 0.10060022
1228 0.094067186
1229 0.08886678
1230 0.09762141
1230 0.9175
1231 0.086248934
1232 0.09673559
1233 0.087376334
1234 0.107019454
1235 0.09858161
1236 0.08757654
1237 0.102973014
1238 0.09333561
1239 0.103884295
1240 0.10608404
1240 0.9275
1241 0.106874876
1242 0.08993524
1243 0.102448486
1244 0.08412026
1245 0.100047834
1246 0.09830804
1247 0.100359894
1248 0.0973481
1249 0.09043835
1250 0.09290991
1250 0.9225
1251 0.097339734
1252 0.10276813
1253 0.08344124
1254 0.09150748
1255 0.10935495
1256 0.08805335
1257 0.09396993
1258 0.085777424
1259 0.086488806
1260 0.0979987
1260 0.93
1261 0.10336441
1262 0.09104371
1263 0.10070793
1264 0.096144885
1265 0.08284301
1266 0.09362467
1267 0.09901879
1268 0.098629184
1269 0.10132608
1270 0.09150663
1270 0.92
1271 0.09567642
1272 0.092243604
1273 0.11185309
1274 0.095963515
1275 0.099539705
1276 0.090846956
1277 0.092746235
1278 0.0940726
1279 0.103562914
1280 0.09871919
1280 0.925
1281 0.095918894
1282 0.090608686
1283 0.09649878
1284 0.08384083
1285 0.10845923
1286 0.09543611
1287 0.112339936
1288 0.09476956
1289 0.09841
1290 0.109081216
1290 0.915
1291 0.094123416
1292 0.07317791
1293 0.09588842
1294 0.09202435
1295 0.08844265
1296 0.100676864
1297 0.085348405
1298 0.079042785
1299 0.07100874
1300 0.09422033
1300 0.8975
1301 0.093749195
1302 0.08286077
1303 0.089449294
1304 0.082790725
1305 0.08860092
1306 0.08743117
1307 0.08836579
1308 0.09527171
1309 0.10247903
1310 0.08566351
1310 0.91
1311 0.09136458
1312 0.078341074
1313 0.08963036
1314 0.100160815
1315 0.09524229
1316 0.09130628
1317 0.093427144
1318 0.08605354
1319 0.09307126
1320 0.08632596
1320 0.9125
1321 0.09408549
1322 0.09622179
1323 0.093658194
1324 0.09349541
1325 0.10386691
1326 0.101799436
1327 0.0940162
1328 0.09470816
1329 0.09488557
1330 0.121007904
1330 0.9075
1331 0.10073027
1332 0.080349796
1333 0.081282355
1334 0.098973304
1335 0.09462119
1336 0.08756675
1337 0.0765326
1338 0.07955203
1339 0.099142745
1340 0.094834
1340 0.94
1341 0.091008656
1342 0.08962594
1343 0.08507012
1344 0.08184379
1345 0.07477633
1346 0.093690045
1347 0.09946179
1348 0.079681754
1349 0.076664716
1350 0.0870235
1350 0.9275
1351 0.08910699
1352 0.10001922
1353 0.09319397
1354 0.08291448
1355 0.08542514
1356 0.09734269
1357 0.08912386
1358 0.096658155
1359 0.08156
1360 0.08806964
1360 0.945
1361 0.09545164
1362 0.08922806
1363 0.0902475
1364 0.09454906
1365 0.08909317
1366 0.08890271
1367 0.08182921
1368 0.089349166
1369 0.092950426
1370 0.094587035
1370 0.8875
1371 0.088292144
1372 0.082201175
1373 0.08277391
1374 0.08533856
1375 0.08596092
1376 0.086805224
1377 0.07782675
1378 0.08982191
1379 0.0942473
1380 0.091324285
1380 0.9325
1381 0.07923877
1382 0.09452225
1383 0.076580286
1384 0.08414918
1385 0.09448335
1386 0.094042145
1387 0.09346142
1388 0.08499505
1389 0.087484255
1390 0.09230777
1390 0.9375
1391 0.08499992
1392 0.093315914
1393 0.07758185
1394 0.08286054
1395 0.09527061
1396 0.08357517
1397 0.09473538
1398 0.07533104
1399 0.0872406
1400 0.08610794
1400 0.935
1401 0.10442772
1402 0.09319267
1403 0.09243405
1404 0.08876401
1405 0.08483513
1406 0.07942688
1407 0.0983846
1408 0.09072854
1409 0.08257866
1410 0.09700971
1410 0.9225
1411 0.07640825
1412 0.0885045
1413 0.07883331
1414 0.08218739
1415 0.100349136
1416 0.091575034
1417 0.08463142
1418 0.086169705
1419 0.07874057
1420 0.08159828
1420 0.945
1421 0.091063984
1422 0.08941213
1423 0.083026975
1424 0.07675995
1425 0.08160302
1426 0.07371526
1427 0.08073386
1428 0.08297051
1429 0.08359088
1430 0.07654117
1430 0.955
1431 0.07633975
1432 0.08211637
1433 0.078627445
1434 0.08313063
1435 0.08207347
1436 0.098281406
1437 0.07985382
1438 0.09239711
1439 0.08775567
1440 0.08854022
1440 0.9425
1441 0.08163708
1442 0.08337316
1443 0.08505431
1444 0.09093576
1445 0.09212643
1446 0.07963135
1447 0.08728149
1448 0.09118793
1449 0.09653294
1450 0.07143
1450 0.955
1451 0.09538637
1452 0.08722307
1453 0.072212175
1454 0.085558236
1455 0.08136444
1456 0.08494251
1457 0.09055118
1458 0.096264556
1459 0.09217057
1460 0.087273225
1460 0.955
1461 0.08750178
1462 0.08578155
1463 0.08113461
1464 0.08847069
1465 0.07825293
1466 0.070486695
1467 0.08555168
1468 0.0917439
1469 0.0827547
1470 0.08281882
1470 0.94
1471 0.09401632
1472 0.07845019
1473 0.09222153
1474 0.091325544
1475 0.08372941
1476 0.095207185
1477 0.076057814
1478 0.09193877
1479 0.09283473
1480 0.091792755
1480 0.95
1481 0.07703957
1482 0.076708436
1483 0.073571496
1484 0.077120714
1485 0.083484426
1486 0.07935724
1487 0.08521284
1488 0.08489966
1489 0.075725645
1490 0.08575306
1490 0.9325
1491 0.07165348
1492 0.0825976
1493 0.07386829
1494 0.07538483
1495 0.07747125
1496 0.088531345
1497 0.07429101
1498 0.08437988
1499 0.07531006
1500 0.08110197
1500 0.92
1501 0.078723654
1502 0.078382425
1503 0.09199432
1504 0.079263195
1505 0.08876029
1506 0.09047027
1507 0.08386909
1508 0.07805436
1509 0.0788815
1510 0.0737461
1510 0.9325
1511 0.07711125
1512 0.08512427
1513 0.07518689
1514 0.08470632
1515 0.07953351
1516 0.07176547
1517 0.07530853
1518 0.075033166
1519 0.08738904
1520 0.08627008
1520 0.9175
1521 0.08230936
1522 0.08678544
1523 0.078622475
1524 0.07683078
1525 0.08216328
1526 0.07862136
1527 0.07807582
1528 0.090672754
1529 0.08358197
1530 0.07151985
1530 0.94
1531 0.07467914
1532 0.072338164
1533 0.07943967
1534 0.07412555
1535 0.082458384
1536 0.08783377
1537 0.09531336
1538 0.090622514
1539 0.0751701
1540 0.08165993
1540 0.925
1541 0.080080494
1542 0.08597049
1543 0.081926316
1544 0.075425535
1545 0.077111326
1546 0.0774457
1547 0.08296378
1548 0.088158175
1549 0.09732747
1550 0.07131376
1550 0.92
1551 0.075078525
1552 0.07224132
1553 0.08843083
1554 0.08191703
1555 0.0806131
1556 0.07599201
1557 0.08248426
1558 0.07296397
1559 0.0799083
1560 0.0848125
1560 0.9375
1561 0.085367024
1562 0.07490248
1563 0.0586007
1564 0.08218646
1565 0.075952776
1566 0.090583734
1567 0.0776153
1568 0.08433763
1569 0.08686116
1570 0.078752704
1570 0.955
1571 0.08221191
1572 0.08099949
1573 0.08033109
1574 0.07465989
1575 0.0800067
1576 0.083323546
1577 0.07901952
1578 0.07479093
1579 0.08258427
1580 0.07203536
1580 0.9525
1581 0.078488894
1582 0.06816129
1583 0.07768445
1584 0.07871732
1585 0.07788751
1586 0.06546679
1587 0.07117959
1588 0.08555395
1589 0.08417261
1590 0.07396454
1590 0.93
1591 0.08100793
1592 0.0876523
1593 0.07999012
1594 0.06715175
1595 0.08708417
1596 0.06969363
1597 0.08251904
1598 0.06977573
1599 0.08751588
1600 0.07266931
1600 0.9375
1601 0.08421141
1602 0.072514996
1603 0.079557315
1604 0.08487182
1605 0.07174613
1606 0.085078456
1607 0.076481156
1608 0.07991643
1609 0.08780258
1610 0.08693077
1610 0.965
1611 0.082954206
1612 0.080107674
1613 0.08110958
1614 0.07824129
1615 0.081730776
1616 0.08221111
1617 0.08070676
1618 0.08609313
1619 0.077157766
1620 0.07632718
1620 0.9425
1621 0.07319287
1622 0.06339727
1623 0.071903825
1624 0.076014094
1625 0.069527544
1626 0.07392956
1627 0.0720922
1628 0.07668067
1629 0.07912955
1630 0.081180975
1630 0.9525
1631 0.07553789
1632 0.08181892
1633 0.07876504
1634 0.07358235
1635 0.07266768
1636 0.08022671
1637 0.07854508
1638 0.07734236
1639 0.08060608
1640 0.078526944
1640 0.95
1641 0.082588926
1642 0.085242614
1643 0.07996411
1644 0.085844696
1645 0.081195295
1646 0.07225368
1647 0.076203555
1648 0.07611327
1649 0.07633041
1650 0.06487515
1650 0.9475
1651 0.08418533
1652 0.068749145
1653 0.09286183
1654 0.077987835
1655 0.07496861
1656 0.08126952
1657 0.06809409
1658 0.06837469
1659 0.07806429
1660 0.08303015
1660 0.96
1661 0.06428668
1662 0.085549146
1663 0.07865239
1664 0.07607989
1665 0.068616405
1666 0.085032225
1667 0.07080455
1668 0.073497936
1669 0.08197218
1670 0.07616612
1670 0.935
1671 0.07716247
1672 0.07245434
1673 0.07059933
1674 0.07894545
1675 0.07603552
1676 0.06530913
1677 0.06581366
1678 0.075611
1679 0.08667862
1680 0.07443929
1680 0.9525
1681 0.06967531
1682 0.07254678
1683 0.0813416
1684 0.082985386
1685 0.08038084
1686 0.0787816
1687 0.06826858
1688 0.06867049
1689 0.071400605
1690 0.07110831
1690 0.93
1691 0.063833274
1692 0.07367956
1693 0.0724675
1694 0.07116188
1695 0.078900784
1696 0.06646538
1697 0.08071808
1698 0.0696726
1699 0.075843535
1700 0.07028367
1700 0.9625
1701 0.08337859
1702 0.070165895
1703 0.071461335
1704 0.07685611
1705 0.07664826
1706 0.08097806
1707 0.07242427
1708 0.07722917
1709 0.07307057
1710 0.067647845
1710 0.95
1711 0.071945995
1712 0.07118763
1713 0.08174623
1714 0.07770706
1715 0.06854121
1716 0.078077406
1717 0.06811011
1718 0.0698362
1719 0.077398695
1720 0.080567
1720 0.93
1721 0.07164934
1722 0.074531704
1723 0.07381786
1724 0.0770654
1725 0.06678737
1726 0.06806191
1727 0.06545186
1728 0.08426298
1729 0.07666389
1730 0.0896907
1730 0.9125
1731 0.07293582
1732 0.064835764
1733 0.07617569
1734 0.058456734
1735 0.07245384
1736 0.0714508
1737 0.075649016
1738 0.070924975
1739 0.06575073
1740 0.077827044
1740 0.93
1741 0.06967286
1742 0.07522324
1743 0.0745034
1744 0.08550687
1745 0.07180949
1746 0.05611219
1747 0.0635092
1748 0.06446029
1749 0.06779417
1750 0.09116132
1750 0.96
1751 0.07735121
1752 0.06655763
1753 0.06697064
1754 0.07354415
1755 0.074966826
1756 0.06364278
1757 0.069899686
1758 0.08954955
1759 0.073637314
1760 0.07478282
1760 0.9325
1761 0.06303131
1762 0.08062219
1763 0.065654874
1764 0.06189165
1765 0.080796935
1766 0.06289523
1767 0.07095732
1768 0.09375837
1769 0.07885349
1770 0.07556149
1770 0.955
1771 0.07167276
1772 0.07726184
1773 0.062398065
1774 0.06437065
1775 0.0689173
1776 0.07150546
1777 0.075413026
1778 0.07119269
1779 0.072597854
1780 0.06288699
1780 0.925
1781 0.054792468
1782 0.069372006
1783 0.07525871
1784 0.07758702
1785 0.06575509
1786 0.07042438
1787 0.07140985
1788 0.0730286
1789 0.06835219
1790 0.059929933
1790 0.9375
1791 0.05687041
1792 0.080439664
1793 0.075897
1794 0.08961459
1795 0.0633125
1796 0.061836414
1797 0.06925439
1798 0.05459495
1799 0.07002893
1800 0.07931606
1800 0.9375
1801 0.07552957
1802 0.06649983
1803 0.07631326
1804 0.06697856
1805 0.07155724
1806 0.0720354
1807 0.06693079
1808 0.06504755
1809 0.068570554
1810 0.0819115
1810 0.9625
1811 0.07630769
1812 0.06564333
1813 0.060390614
1814 0.07570354
1815 0.059742454
1816 0.0767059
1817 0.06351612
1818 0.06803219
1819 0.07144113
1820 0.07301853
1820 0.945
1821 0.06608363
1822 0.07432594
1823 0.067030765
1824 0.0695843
1825 0.062473487
1826 0.06893085
1827 0.07281842
1828 0.0655006
1829 0.07255866
1830 0.06482064
1830 0.9575
1831 0.06287938
1832 0.0718896
1833 0.07388569
1834 0.080616914
1835 0.065468974
1836 0.06756783
1837 0.067802675
1838 0.082060985
1839 0.06078182
1840 0.06745836
1840 0.9425
1841 0.0693544
1842 0.07136861
1843 0.07399918
1844 0.07068539
1845 0.07655725
1846 0.060083207
1847 0.07454382
1848 0.06646753
1849 0.06155712
1850 0.06233009
1850 0.9525
1851 0.061377026
1852 0.075188085
1853 0.06615578
1854 0.068724945
1855 0.07034615
1856 0.06503933
1857 0.0667947
1858 0.077815935
1859 0.077508286
1860 0.059011355
1860 0.975
1861 0.06911136
1862 0.064286806
1863 0.074545264
1864 0.06672107
1865 0.052126173
1866 0.06478946
1867 0.066096134
1868 0.0644807
1869 0.062899716
1870 0.07146141
1870 0.9675
1871 0.058893625
1872 0.057321876
1873 0.0598184
1874 0.061457824
1875 0.07037175
1876 0.0786505
1877 0.062498916
1878 0.06732658
1879 0.06951114
1880 0.071572326
1880 0.96
1881 0.07558629
1882 0.07676966
1883 0.06823733
1884 0.061259475
1885 0.07439688
1886 0.066062875
1887 0.073560424
1888 0.06512474
1889 0.071872845
1890 0.07407667
1890 0.98
1891 0.0807476
1892 0.07677076
1893 0.062713526
1894 0.064591974
1895 0.062167283
1896 0.063724734
1897 0.057274293
1898 0.064783946
1899 0.071436845
1900 0.06406216
1900 0.9475
1901 0.06582029
1902 0.07920623
1903 0.074468575
1904 0.064635396
1905 0.070497625
1906 0.060479783
1907 0.06297825
1908 0.07337363
1909 0.065322466
1910 0.08765147
1910 0.9575
1911 0.07082546
1912 0.061403427
1913 0.06689601
1914 0.07187747
1915 0.07938912
1916 0.065950245
1917 0.06126245
1918 0.08314852
1919 0.065062076
1920 0.054712847
1920 0.945
1921 0.06872246
1922 0.062933534
1923 0.07481399
1924 0.06405159
1925 0.06505301
1926 0.0706554
1927 0.06647898
1928 0.0540856
1929 0.060740545
1930 0.06880281
1930 0.9625
1931 0.0729369
1932 0.07254773
1933 0.05637205
1934 0.064191274
1935 0.06310653
1936 0.059155177
1937 0.05786917
1938 0.073509276
1939 0.06716542
1940 0.06942003
1940 0.9625
1941 0.055923637
1942 0.07271422
1943 0.05600802
1944 0.066413924
1945 0.049486496
1946 0.059291072
1947 0.07349918
1948 0.06192915
1949 0.072439194
1950 0.074677445
1950 0.96
1951 0.07053652
1952 0.07604664
1953 0.06167025
1954 0.06349622
1955 0.06915359
1956 0.06483579
1957 0.06950342
1958 0.069329605
1959 0.060595807
1960 0.05487406
1960 0.9475
1961 0.057403006
1962 0.059825204
1963 0.07164113
1964 0.057930272
1965 0.0534935
1966 0.07026323
1967 0.06336999
1968 0.06627238
1969 0.062349595
1970 0.055996284
1970 0.9775
1971 0.06041746
1972 0.06358775
1973 0.06350995
1974 0.06894058
1975 0.062297683
1976 0.058976274
1977 0.06366951
1978 0.06934392
1979 0.07184224
1980 0.07168707
1980 0.9725
1981 0.06403115
1982 0.0628431
1983 0.06113584
1984 0.07146845
1985 0.057419617
1986 0.07433832
1987 0.07044083
1988 0.06254595
1989 0.058970988
1990 0.062503934
1990 0.9625
1991 0.059979565
1992 0.060019974
1993 0.059446458
1994 0.056854226
1995 0.06770302
1996 0.04793746
1997 0.071733385
1998 0.06779698
1999 0.06877615
2000 0.057463307
2000 0.9525
2001 0.06848354
2002 0.0583877
2003 0.065411694
2004 0.06629422
2005 0.07103581
2006 0.0725869
2007 0.04703488
2008 0.061830837
2009 0.069624454
2010 0.06222656
2010 0.94
2011 0.06241355
2012 0.0627943
2013 0.0614079
2014 0.0681962
2015 0.056474965
2016 0.06362248
2017 0.07350902
2018 0.06258087
2019 0.063582
2020 0.06130779
2020 0.9425
2021 0.066167146
2022 0.05627043
2023 0.0666935
2024 0.060838427
2025 0.06239698
2026 0.058836453
2027 0.058538
2028 0.05666395
2029 0.06116614
2030 0.060036786
2030 0.96
2031 0.05791104
2032 0.07185329
2033 0.075270064
2034 0.06564343
2035 0.063376725
2036 0.06018158
2037 0.06289347
2038 0.05546608
2039 0.05786648
2040 0.055330835
2040 0.975
2041 0.04913564
2042 0.06261546
2043 0.06615417
2044 0.068985544
2045 0.062561266
2046 0.06482248
2047 0.063462466
2048 0.067575894
2049 0.060711265
2050 0.06319714
2050 0.9675
2051 0.0661844
2052 0.05651339
2053 0.05470527
2054 0.06215436
2055 0.05931324
2056 0.050066896
2057 0.059145097
2058 0.068999775
2059 0.0692055
2060 0.07453775
2060 0.955
2061 0.05642355
2062 0.06390527
2063 0.07255282
2064 0.047078975
2065 0.06856777
2066 0.06973127
2067 0.06271702
2068 0.067002624
2069 0.070686676
2070 0.06413499
2070 0.9475
2071 0.05778334
2072 0.06856037
2073 0.060984667
2074 0.060268097
2075 0.057838377
2076 0.061230246
2077 0.056743935
2078 0.06355238
2079 0.071684554
2080 0.06861144
2080 0.955
2081 0.061806846
2082 0.06363086
2083 0.064901
2084 0.06795081
2085 0.058290992
2086 0.061583478
2087 0.04875139
2088 0.055969138
2089 0.07170347
2090 0.0649024
2090 0.9675
2091 0.085007854
2092 0.060402382
2093 0.066116184
2094 0.061081123
2095 0.05865199
2096 0.04503991
2097 0.055711105
2098 0.06093995
2099 0.06599009
2100 0.058115095
2100 0.9575
2101 0.059461422
2102 0.055551216
2103 0.057284947
2104 0.064867206
2105 0.057005864
2106 0.054129027
2107 0.05754849
2108 0.06253241
2109 0.06480179
2110 0.06173096
2110 0.96
2111 0.06530377
2112 0.05431841
2113 0.06282725
2114 0.06373723
2115 0.05951275
2116 0.06154462
2117 0.055596076
2118 0.049153797
2119 0.05531241
2120 0.066516005
2120 0.9825
2121 0.055190284
2122 0.06331707
2123 0.061185423
2124 0.059312295
2125 0.055477347
2126 0.060397804
2127 0.069335006
2128 0.06324556
2129 0.0567219
2130 0.05782498
2130 0.965
2131 0.052394997
2132 0.059015244
2133 0.057288658
2134 0.063558064
2135 0.06022502
2136 0.062061273
2137 0.060980033
2138 0.06779089
2139 0.060338285
2140 0.054707017
2140 0.9425
2141 0.061775353
2142 0.06928577
2143 0.05695504
2144 0.0631568
2145 0.06195483
2146 0.058645334
2147 0.06118156
2148 0.053932674
2149 0.056053497
2150 0.05403762
2150 0.975
2151 0.0685723
2152 0.059419263
2153 0.06322577
2154 0.05468869
2155 0.060898073
2156 0.06594198
2157 0.05006246
2158 0.062213294
2159 0.048530117
2160 0.048818544
2160 0.9725
2161 0.05447505
2162 0.055771682
2163 0.062053535
2164 0.062184066
2165 0.061239578
2166 0.052086756
2167 0.056596216
2168 0.060243506
2169 0.057180718
2170 0.060183544
2170 0.975
2171 0.059722967
2172 0.048012305
2173 0.0599505
2174 0.058118783
2175 0.05756059
2176 0.061019678
2177 0.06535486
2178 0.060820375
2179 0.06630771
2180 0.052524403
2180 0.965
2181 0.0644655
2182 0.06557567
2183 0.060590696
2184 0.047962602
2185 0.067900136
2186 0.053313535
2187 0.053696174
2188 0.057385094
2189 0.063789144
2190 0.06074057
2190 0.945
2191 0.057283413
2192 0.048545007
2193 0.06324473
2194 0.05591023
2195 0.0615879
2196 0.06237627
2197 0.06677782
2198 0.058989104
2199 0.056002524
2200 0.06117282
2200 0.98
2201 0.059021812
2202 0.060062993
2203 0.059260283
2204 0.05441413
2205 0.050909165
2206 0.06095636
2207 0.057575483
2208 0.057625268
2209 0.056137152
2210 0.066283375
2210 0.9775
2211 0.06931043
2212 0.060800247
2213 0.049820133
2214 0.06321016
2215 0.055905472
2216 0.06402437
2217 0.05942556
2218 0.056174584
2219 0.062068824
2220 0.059314843
2220 0.955
2221 0.062589295
2222 0.057434663
2223 0.057530254
2224 0.04915987
2225 0.059171334
2226 0.0593534
2227 0.0568242
2228 0.051422738
2229 0.064215265
2230 0.05751793
2230 0.9725
2231 0.06952623
2232 0.056437947
2233 0.06462894
2234 0.047386386
2235 0.052451987
2236 0.057992812
2237 0.05672109
2238 0.05131479
2239 0.05110218
2240 0.056621443
2240 0.98
2241 0.050348982
2242 0.058347367
2243 0.06089504
2244 0.05695128
2245 0.05434636
2246 0.066384315
2247 0.059314035
2248 0.06425214
2249 0.06512552
2250 0.06339803
2250 0.9725
2251 0.068951584
2252 0.05164768
2253 0.058784258
2254 0.059484962
2255 0.04885624
2256 0.057736766
2257 0.06271208
2258 0.051435303
2259 0.052189432
2260 0.054142434
2260 0.97
2261 0.0593376
2262 0.055812888
2263 0.049072847
2264 0.06707278
2265 0.060302947
2266 0.07088568
2267 0.05166343
2268 0.049305286
2269 0.065470256
2270 0.046956915
2270 0.975
2271 0.056196146
2272 0.052219786
2273 0.06344249
2274 0.05519741
2275 0.058895674
2276 0.05337741
2277 0.05917553
2278 0.058156457
2279 0.054209765
2280 0.048599366
2280 0.955
2281 0.051741946
2282 0.055791583
2283 0.05891027
2284 0.06619435
2285 0.051680323
2286 0.05645904
2287 0.0538609
2288 0.06144295
2289 0.06683939
2290 0.053541306
2290 0.97
2291 0.05069877
2292 0.06685822
2293 0.050894268
2294 0.058459908
2295 0.06322721
2296 0.06684979
2297 0.04748329
2298 0.04755533
2299 0.055737108
2300 0.04393927
2300 0.9625
2301 0.054596793
2302 0.06371882
2303 0.052021798
2304 0.049424358
2305 0.044968247
2306 0.047110703
2307 0.06262444
2308 0.050305307
2309 0.057679817
2310 0.06301334
2310 0.96
2311 0.05584912
2312 0.048951752
2313 0.041955665
2314 0.06291629
2315 0.05171412
2316 0.057292413
2317 0.05730208
2318 0.061720908
2319 0.053832944
2320 0.048934523
2320 0.95
2321 0.066553175
2322 0.06232419
2323 0.05211039
2324 0.04848384
2325 0.06033894
2326 0.056927018
2327 0.049831234
2328 0.061640985
2329 0.06306638
2330 0.05674813
2330 0.9775
2331 0.056048058
2332 0.058119353
2333 0.055114646
2334 0.05617627
2335 0.053887904
2336 0.045684256
2337 0.05335497
2338 0.050722662
2339 0.054901857
2340 0.06424965
2340 0.9625
2341 0.04740387
2342 0.0682131
2343 0.055789925
2344 0.04730799
2345 0.050314855
2346 0.053271104
2347 0.05059099
2348 0.047963586
2349 0.062852174
2350 0.06628178
2350 0.95
2351 0.055151902
2352 0.061802734
2353 0.063177876
2354 0.059773218
2355 0.041618448
2356 0.054019775
2357 0.06517431
2358 0.05570424
2359 0.05960661
2360 0.049684882
2360 0.97
2361 0.06439794
2362 0.062009055
2363 0.072922505
2364 0.044676986
2365 0.058386132
2366 0.05013139
2367 0.05006559
2368 0.05235779
2369 0.05648233
2370 0.05025627
2370 0.9775
2371 0.050700415
2372 0.0579922
2373 0.05147504
2374 0.051508293
2375 0.04981365
2376 0.0574182
2377 0.06817848
2378 0.057445712
2379 0.060891945
2380 0.051323395
2380 0.9825
2381 0.05332886
2382 0.04569047
2383 0.048330504
2384 0.04457438
2385 0.056841426
2386 0.05988713
2387 0.057515867
2388 0.04915055
2389 0.05447823
2390 0.060009062
2390 0.98
2391 0.041394424
2392 0.05102127
2393 0.06144053
2394 0.0516346
2395 0.059718415
2396 0.059776735
2397 0.06498815
2398 0.056933437
2399 0.050892334
2400 0.060632735
2400 0.97
2401 0.06223349
2402 0.057597596
2403 0.06202998
2404 0.0628335
2405 0.05205192
2406 0.060980786
2407 0.067526415
2408 0.05708638
2409 0.054207478
2410 0.055146333
2410 0.96
2411 0.04887558
2412 0.05719792
2413 0.051836386
2414 0.07758843
2415 0.06080495
2416 0.053800613
2417 0.062827826
2418 0.039567534
2419 0.04965007
2420 0.055834062
2420 0.9775
2421 0.064505935
2422 0.0537191
2423 0.048382245
2424 0.05578603
2425 0.055808906
2426 0.058456138
2427 0.05859357
2428 0.040213943
2429 0.05034887
2430 0.04750535
2430 0.9775
2431 0.057697784
2432 0.05457008
2433 0.04782336
2434 0.059573133
2435 0.047705688
2436 0.052864455
2437 0.049670916
2438 0.042842165
2439 0.05215837
2440 0.04521137
2440 0.9675
2441 0.07040105
2442 0.043154534
2443 0.050777767
2444 0.05512877
2445 0.044597693
2446 0.05552179
2447 0.040572587
2448 0.05449434
2449 0.045123145
2450 0.058416422
2450 0.9875
2451 0.05629924
2452 0.055487182
2453 0.06307795
2454 0.052727167
2455 0.05301945
2456 0.04908744
2457 0.053639
2458 0.050631784
2459 0.048299883
2460 0.047825724
2460 0.9475
2461 0.061743584
2462 0.049502674
2463 0.059007384
2464 0.049007364
2465 0.045047894
2466 0.051403914
2467 0.05935829
2468 0.05573085
2469 0.049813606
2470 0.053330153
2470 0.97
2471 0.048123974
2472 0.054296203
2473 0.049897235
2474 0.048024375
2475 0.041714195
2476 0.04739096
2477 0.07075511
2478 0.04034539
2479 0.049974374
2480 0.049952433
2480 0.9575
2481 0.041384224
2482 0.058957055
2483 0.04838375
2484 0.05033244
2485 0.050619572
2486 0.05342565
2487 0.05368559
2488 0.0576858
2489 0.050536074
2490 0.058325104
2490 0.9875
2491 0.059408497
2492 0.060955398
2493 0.054096345
2494 0.054349788
2495 0.045448188
2496 0.057844367
2497 0.04737944
2498 0.04582028
2499 0.04469225
2500 0.053944014
2500 0.9625
2501 0.05734157
2502 0.053093262
2503 0.046400655
2504 0.05377153
2505 0.057964448
2506 0.05255563
2507 0.0546053
2508 0.053258017
2509 0.048072614
2510 0.043579053
2510 0.9975